C =[
Inf	30	56	111	0	170	Inf	Inf	0	0	172	Inf	0	Inf	Inf	
27	Inf	204	48	87	15	186	17	0	49	127	25	124	55	Inf	
173	2	Inf	41	87	137	33	134	83	138	196	205	143	0	191	
71	147	7	Inf	80	0	59	0	0	62	183	Inf	216	0	Inf	
Inf	136	157	85	Inf	50	0	0	0	11	220	171	24	0	Inf	
149	161	78	Inf	166	Inf	184	9	199	38	188	0	17	43	Inf	
Inf	80	95	174	Inf	181	Inf	208	0	171	92	64	191	126	Inf	
Inf	30	34	Inf	Inf	53	32	Inf	0	74	56	153	208	209	Inf	
Inf	Inf	146	Inf	Inf	93	Inf	Inf	Inf	77	10	168	12	53	0	
Inf	206	122	173	149	150	135	94	45	Inf	0	0	93	221	Inf	
195	125	56	145	96	127	88	73	168	183	Inf	206	98	157	222	
Inf	66	213	Inf	123	Inf	134	149	148	Inf	14	Inf	142	104	0	
Inf	16	0	2	93	128	35	219	64	105	109	188	Inf	182	0	
Inf	57	Inf	Inf	Inf	123	125	139	23	173	222	190	83	Inf	116	
Inf	Inf	87	Inf	Inf	Inf	Inf	Inf	Inf	Inf	88	Inf	Inf	15	Inf	
];

Cadeia1 = [ 12 14 ];
Cadeia2 = [ 9 11 ];
Cadeia3 = [ 5 ];
Cadeia4 = [ 7 8 ];
Cadeia5 = [ 6 ]; 
Cadeia6 = [ 1 ];
Cadeia7 = [ 0 4 13 ];
Cadeia8 = [ 3 ];
Cadeia9 = [ 2 ];
Cadeia10 = [ 10 ];